109	1000276	30
109	1000335	50
109	1001632	0
109	1002295	0
109	1003242	30
109	1003522	30
109	1004459	50
109	1005017	0
109	1005605	0
109	1006005	30
109	1006175	30
109	1006345	0
109	1006373	90
109	1007098	0
109	1008877	90
109	1009214	0
109	1009453	0
109	1009496	90
109	1010542	0
109	1010787	50
109	1012376	50
109	1012383	0
109	1013010	0
109	1013012	70
109	1013151	0
109	1014252	70
109	1014312	90
109	1014635	70
109	1015272	0
109	1016419	0
109	1016600	30
109	1017685	0
109	1017874	50
109	1018138	30
109	1019067	90
109	1019134	30
109	1019547	70
109	1019857	30
109	1020993	0
109	1021142	0
109	1021186	0
109	1021812	0
109	1021815	0
109	1021928	90
109	1022226	30
109	1022601	0
109	1022925	0
109	1025005	70
109	1025831	30
109	1026420	0
109	1026882	50
109	1030879	30
109	1034214	50
109	1036769	0
109	1041052	50
109	1042272	50
109	1042768	30
109	1043454	50
109	1043718	30
109	1044486	50
109	1044487	70
109	1044605	30
109	1045021	50
109	1045438	30
109	1045525	90
109	1045696	50
109	1046217	0
109	1046331	50
109	1051565	30
109	1052054	90
109	1052200	90
109	1053507	90
109	1053653	0
109	1062238	0
109	1078363	0
109	1083194	0
109	1097498	70
109	1097550	70
109	1097708	0
109	1098048	0
109	1098099	0
109	1098209	30
109	1098234	50
109	1098595	50
109	1098798	70
109	1098895	0
109	1099097	50
109	1099237	0
109	1099394	0
109	1099502	0
