67	1000026,0.603658536585
67	1000125,0.131097560976
67	1000276,0.603658536585
67	1001301,0.603658536585
67	1001612,0.603658536585
67	1001649,0.131097560976
67	1002404,0.603658536585
67	1002766,0.131097560976
67	1002960,0.603658536585
67	1003454,0.603658536585
67	1003522,0.603658536585
67	1004095,0.603658536585
67	1004459,0.603658536585
67	1004994,0.603658536585
67	1005881,0.131097560976
67	1007723,0.131097560976
67	1008492,0.603658536585
67	1010309,0.603658536585
67	1011305,0.603658536585
67	1012011,0.131097560976
67	1012012,0.603658536585
67	1012651,0.131097560976
67	1012920,0.603658536585
67	1012998,0.603658536585
67	1013012,0.131097560976
67	1013213,0.603658536585
67	1013354,0.131097560976
67	1014091,0.603658536585
67	1014120,0.603658536585
67	1014252,0.603658536585
67	1014312,0.131097560976
67	1015560,0.603658536585
67	1015750,0.131097560976
67	1015851,0.603658536585
67	1016600,0.603658536585
67	1016793,0.131097560976
67	1017274,0.603658536585
67	1017377,0.603658536585
67	1017511,0.603658536585
67	1017555,0.603658536585
67	1017989,0.131097560976
67	1018344,0.603658536585
67	1018980,0.603658536585
67	1019576,0.603658536585
67	1019753,0.603658536585
67	1020326,0.603658536585
67	1020993,0.603658536585
67	1021912,0.0274390243902
67	1022226,0.603658536585
67	1022601,0.603658536585
67	1022980,0.603658536585
67	1023509,0.603658536585
67	1025005,0.603658536585
67	1025892,0.603658536585
67	1026044,0.131097560976
67	1026478,0.603658536585
67	1026798,0.603658536585
67	1026882,0.131097560976
67	1027718,0.603658536585
67	1027741,0.131097560976
67	1030666,0.603658536585
67	1030683,0.131097560976
67	1030692,0.603658536585
67	1030879,0.603658536585
67	1030937,0.0274390243902
67	1031044,0.603658536585
67	1031224,0.603658536585
67	1032152,0.603658536585
67	1032861,0.603658536585
67	1033398,0.603658536585
67	1033451,0.603658536585
67	1033613,0.603658536585
67	1034214,0.603658536585
67	1034904,0.603658536585
67	1036157,0.603658536585
67	1037490,0.131097560976
67	1037731,0.603658536585
67	1037847,0.131097560976
67	1039725,0.603658536585
67	1040071,0.603658536585
67	1040112,0.603658536585
67	1040692,0.603658536585
67	1041122,0.603658536585
67	1041735,0.603658536585
67	1042272,0.0030487804878
67	1042991,0.131097560976
67	1043417,0.603658536585
67	1043454,0.603658536585
67	1044487,0.603658536585
67	1045021,0.603658536585
67	1045438,0.603658536585
67	1045525,0.603658536585
67	1045696,0.603658536585
67	1045697,0.603658536585
67	1045704,0.603658536585
67	1046217,0.603658536585
67	1046331,0.603658536585
67	1048259,0.603658536585
67	1048392,0.603658536585
67	1049360,0.603658536585
67	1051565,0.131097560976
67	1051852,0.603658536585
67	1052054,0.603658536585
67	1052069,0.603658536585
67	1053407,0.131097560976
67	1053507,0.603658536585
67	1053653,0.603658536585
67	1053686,0.603658536585
67	1058980,0.131097560976
67	1062238,0.131097560976
67	1078363,0.603658536585
67	1079828,0.603658536585
67	1081608,0.603658536585
67	1089503,0.603658536585
67	1097384,0.603658536585
67	1097387,0.603658536585
67	1097406,0.603658536585
67	1097490,0.603658536585
67	1097498,0.603658536585
67	1097508,0.0274390243902
67	1097579,0.603658536585
67	1097585,0.603658536585
67	1098048,0.603658536585
67	1098099,0.0274390243902
67	1098212,0.603658536585
67	1098234,0.0518292682927
67	1098270,0.603658536585
67	1098304,0.603658536585
67	1098345,0.603658536585
67	1098353,0.603658536585
67	1098385,0.603658536585
67	1098431,0.603658536585
67	1098529,0.603658536585
67	1098622,0.603658536585
67	1098650,0.603658536585
67	1098793,0.00914634146341
67	1098798,0.603658536585
67	1098799,0.603658536585
67	1098830,0.603658536585
67	1098923,0.603658536585
67	1098966,0.603658536585
67	1098973,0.603658536585
67	1098995,0.603658536585
67	1099009,0.603658536585
67	1099015,0.603658536585
67	1099070,0.603658536585
67	1099097,0.131097560976
67	1099111,0.603658536585
67	1099145,0.603658536585
67	1099157,0.603658536585
67	1099163,0.603658536585
67	1099183,0.603658536585
67	1099237,0.603658536585
67	1099257,0.603658536585
67	1099324,0.603658536585
67	1099349,0.603658536585
67	1099367,0.603658536585
67	1099386,0.0274390243902
67	1099388,0.603658536585
67	1099464,0.603658536585
67	1099528,0.603658536585
67	1099550,0.603658536585
67	1099699,0.603658536585
67	1100735,0.0457317073171
