109	1000276,0.5
109	1000335,0.694444444444
109	1001632,0.2
109	1002295,0.2
109	1003242,0.5
109	1003522,0.5
109	1004459,0.694444444444
109	1005017,0.2
109	1005605,0.2
109	1006005,0.5
109	1006175,0.5
109	1006345,0.2
109	1006373,0.944444444444
109	1007098,0.2
109	1008877,0.944444444444
109	1009214,0.2
109	1009453,0.2
109	1009496,0.944444444444
109	1010542,0.2
109	1010787,0.694444444444
109	1012376,0.694444444444
109	1012383,0.2
109	1013010,0.2
109	1013012,0.838888888889
109	1013151,0.2
109	1014252,0.838888888889
109	1014312,0.944444444444
109	1014635,0.838888888889
109	1015272,0.2
109	1016419,0.2
109	1016600,0.5
109	1017685,0.2
109	1017874,0.694444444444
109	1018138,0.5
109	1019067,0.944444444444
109	1019134,0.5
109	1019547,0.838888888889
109	1019857,0.5
109	1020993,0.2
109	1021142,0.2
109	1021186,0.2
109	1021812,0.2
109	1021815,0.2
109	1021928,0.944444444444
109	1022226,0.5
109	1022601,0.2
109	1022925,0.2
109	1025005,0.838888888889
109	1025831,0.5
109	1026420,0.2
109	1026882,0.694444444444
109	1030879,0.5
109	1034214,0.694444444444
109	1036769,0.2
109	1041052,0.694444444444
109	1042272,0.694444444444
109	1042768,0.5
109	1043454,0.694444444444
109	1043718,0.5
109	1044486,0.694444444444
109	1044487,0.838888888889
109	1044605,0.5
109	1045021,0.694444444444
109	1045438,0.5
109	1045525,0.944444444444
109	1045696,0.694444444444
109	1046217,0.2
109	1046331,0.694444444444
109	1051565,0.5
109	1052054,0.944444444444
109	1052200,0.944444444444
109	1053507,0.944444444444
109	1053653,0.2
109	1062238,0.2
109	1078363,0.2
109	1083194,0.2
109	1097498,0.838888888889
109	1097550,0.838888888889
109	1097708,0.2
109	1098048,0.2
109	1098099,0.2
109	1098209,0.5
109	1098234,0.694444444444
109	1098595,0.694444444444
109	1098798,0.838888888889
109	1098895,0.2
109	1099097,0.694444444444
109	1099237,0.2
109	1099394,0.2
109	1099502,0.2
