1019226 0.529520080309
1098612 0.553479344319
1051730 0.435923043
1098595 0.506396551579
1021300 0.569878657384
1036740 0.558870284859
1006442 0.526212318076
1028679 0.558195189068
1005812 0.482985091544
1053318 0.545466444892
1033237 0.594714621842
1006288 0.498731177863
1099367 0.408284143443
1011930 0.493131754958
1001700 0.420383932107
1044978 0.447161886745
1024680 0.380499503563
1099394 0.39377482568
1008873 0.468103265966
1018995 0.492742157648
1028358 0.495599273282
1044871 0.518080931224
1013424 0.538116919697
1030760 0.552863261646
1006149 0.514282886888
1014287 0.444162768851
1021928 0.558689869896
1052094 0.472580664749
1014731 0.440019325912
1014733 0.493624455954
1040684 0.500039464566
1034807 0.466470964106
1029489 0.542114271861
1004084 0.47048965128
1020268 0.539565865003
1086547 0.484564962442
1018742 0.446079136576
1004712 0.401925599384
1027171 0.529425878729
1099165 0.395731984621
1004976 0.458985737986
1000529 0.453989372596
1097985 0.462473716677
1000525 0.391514046867
1014678 0.511621107484
1022538 0.489823951846
1000431 0.509711482566
1041557 0.464839959236
1009184 0.436204528905
1014218 0.458903585213
1099163 0.407535220495
1004963 0.504372454335
1023566 0.513870635651
1033697 0.46847483552
1007098 0.468372370577
1027496 0.524921551012
1006545 0.441106176458
1006547 0.384582893885
1003380 0.508257262371
1100232 0.465376222194
1099251 0.480389361961
1008194 0.461756387737
1067553 0.51680144904
1017127 0.568989143101
1021382 0.490011940954
1026945 0.463568226568
1027883 0.476547805008
1001584 0.488976737028
1007339 0.522646435122
1045975 0.489655743794
1098016 0.650263704055
1031646 0.42193131833
1029955 0.418192325849
1099341 0.394028397212
1011196 0.492952534545
1099345 0.531875815602
1098212 0.528635515225
1013772 0.475873798333
1000235 0.469719014056
1016708 0.530684767976
1001612 0.478847782008
1052317 0.555253373129
1099183 0.606407989737
1021054 0.45840070219
1053989 0.540387240904
1099220 0.459139880905
1019769 0.46372740355
1034388 0.377937211255
1011512 0.55922557252
1001296 0.454752515539
1009504 0.410342730352
1012481 0.398079047362
1023111 0.432091612957
1015851 0.538945881439
1018137 0.443693098601
1028639 0.436855299152
1006242 0.505100328532
1098650 0.449378008605
1015374 0.491013565531
1008330 0.449153073862
1025801 0.56032634521
1092760 0.508796322759
1098067 0.483054702011
1049360 0.465971884031
1019547 0.553893835698
1020033 0.497902680032
1068848 0.464040053953
1009001 0.395670702498
1028152 0.450050724039
1047261 0.432561802466
1039473 0.559091831753
1098898 0.44355648445
1028251 0.541354457452
1009850 0.500202625067
1028521 0.410909494952
1025115 0.546097817282
1014953 0.487593844677
1098953 0.462705434133
1008776 0.504212269071
1045283 0.527378541528
1021357 0.407924181368
1018139 0.562862830181
1099097 0.497603155116
1052045 0.381644044384
1021597 0.451370547081
1006055 0.487305679538
1023065 0.441749052369
1039507 0.446639341806
1050252 0.470491924978
1026819 0.495499622536
1025892 0.543566204306
1023106 0.410580386382
1014252 0.47019649152
1008581 0.42480989065
1026015 0.597325671851
1032577 0.501892055745
1012779 0.452571926636
1031295 0.466137443488
1021186 0.524173887019
1042275 0.48574457592
1021818 0.46549517074
1027263 0.614674998427
1041511 0.491623836334
1033398 0.529802040501
1030847 0.481798274462
1015673 0.496266316883
1026880 0.648175632115
1005881 0.501622138797
1049197 0.451237783146
1002217 0.637666254894
1008099 0.521721175816
1045704 0.517653705393
1022262 0.503293941501
1032324 0.525356654213
1099435 0.598693294819
1032111 0.476424994305
1000905 0.477903688947
1004158 0.536534099974
1099264 0.47394595472
1018269 0.538490946181
1011846 0.496591664761
1011848 0.500592057406
1052054 0.553731348283
1011486 0.517614194497
1098447 0.457475801206
1098445 0.511998650745
1048338 0.448300239043
1099002 0.625718274308
1045021 0.488410183243
1099145 0.556779031823
1026882 0.511963202587
1003926 0.55775282799
1012285 0.480806089105
1007168 0.454727852868
1097613 0.518390816076
1097206 0.516830634223
1040112 0.505308170654
1010234 0.419967789888
1011734 0.458983481794
1099464 0.37708129948
1097439 0.452930743767
1039877 0.488675084612
1017864 0.464176033485
1098227 0.548935872588
1001236 0.472713583794
1027766 0.461103038225
1098146 0.464435060364
1044422 0.465657701304
1020778 0.549512256135
1029908 0.439746384955
1006978 0.498116286704
1099316 0.404801547136
1021005 0.488647203602
1097330 0.49355176555
1009168 0.521771672028
1048925 0.500041492165
1034047 0.507950943923
1029483 0.523467493158
1030656 0.414630832577
1041735 0.519305455414
1006475 0.559991893106
1098669 0.527716377414
1050340 0.589860479885
1098032 0.570781009705
1034883 0.543572178858
1010122 0.514302877782
1000297 0.48913166906
1029764 0.49873401422
1016991 0.372400646682
1013141 0.587007064381
1016852 0.536443705713
1027696 0.446368801279
1044862 0.512002773284
1098234 0.427472802181
1019512 0.505550243264
1045696 0.548284475624
1018980 0.512707911741
1005319 0.531824090383
1033451 0.513901080568
1041122 0.582159276534
1017031 0.504078843967
1055282 0.529472179006
1002389 0.445645125235
1030803 0.438321650748
1030937 0.499705679712
1015161 0.498504168651
1006015 0.469824463619
1099048 0.431921709481
1006389 0.46580361834
1000125 0.560749249891
1021281 0.516005081471
1017240 0.518025451677
1016531 0.403848250959
1031224 0.517337227782
1044914 0.40223084395
1014917 0.522850337581
1012319 0.554158603702
1002963 0.503460953361
1044912 0.504247794281
1031044 0.531858043774
1097990 0.504080645765
1026044 0.490233825085
1007331 0.523149110213
1028073 0.497785522995
1097996 0.422521052967
1005580 0.509693126877
1098852 0.535639678505
1043119 0.546455582083
1098799 0.500802867641
1011114 0.452933999845
1025735 0.558335392094
1004877 0.497408166732
1013565 0.478859020464
1009942 0.479222003769
1005513 0.510754352259
1024565 0.503338302159
1027333 0.466081417789
1031091 0.515131210675
1098793 0.472727356573
1018076 0.514166417859
1018074 0.455887499451
1003960 0.493735159957
1008169 0.497239203465
1002156 0.483785786643
1031703 0.484997496572
1024523 0.519630932796
1016663 0.480409546276
1099549 0.515186076308
1011200 0.494865568681
1016885 0.499164659923
1097471 0.503867007488
1024130 0.530103710875
1007203 0.560957484929
1021676 0.600754478769
1014463 0.486278149189
1097987 0.559863330293
1018249 0.562318555063
1013660 0.475449565039
1097486 0.561648648887
1041063 0.461104762474
1022257 0.482640664539
1068684 0.513288161351
1006831 0.46086385901
1100995 0.359170479027
1046217 0.455585792539
1100250 0.398199769954
1008451 0.524202508498
1024006 0.454714730423
1015572 0.528399287942
1005605 0.470935071281
1024639 0.476640642953
1021515 0.546240653389
1024635 0.419735653665
1010797 0.426507705065
1013181 0.652684700043
1030683 0.494971707527
1025027 0.57017680402
1007449 0.432890996508
1007520 0.465728069297
1005410 0.477700898524
1029630 0.458983996828
1098276 0.491831788951
1098270 0.47161191649
1000143 0.535326708046
1022925 0.47844570455
1040138 0.56723104853
1022929 0.502761861144
1029737 0.525522926049
1019417 0.436061392154
1029669 0.491756814719
1027386 0.535866323056
1017819 0.552797412254
1017769 0.445416643122
1008745 0.461866212422
1041052 0.497292154309
1006587 0.540111710159
1036607 0.427697308752
1024820 0.42821109002
1039259 0.468321727921
1000163 0.454212991504
1035709 0.42259580365
1098636 0.538488040211
1010542 0.503446287982
1053686 0.460445387726
1029599 0.431673906818
1000006 0.468748525592
1007986 0.543211656355
1029753 0.470949597633
1004785 0.429517353238
1021142 0.521436133876
1016599 0.518391880604
1009214 0.487918338608
1012764 0.59558935965
1043566 0.460557515552
1007748 0.549837981824
1034801 0.556607848957
1029711 0.584254586719
1039046 0.537582070795
1017880 0.495943453822
1025173 0.487957206196
1013781 0.438504526983
1015787 0.523406692144
1044998 0.465307741455
1098681 0.501343941478
1098571 0.435658256447
1043366 0.599776294568
1049645 0.519077033808
1022778 0.546899139533
1032861 0.516470742464
1026172 0.415717081613
1002183 0.474593547906
1012995 0.549773000705
1011242 0.52165653466
1008877 0.478206397351
1000264 0.491356167362
1023542 0.515351409734
1004947 0.487947816178
1024602 0.570641006163
1099257 0.545155416176
1004943 0.511080239373
1014786 0.437667704022
1053620 0.499170858049
1098452 0.566962581148
1098353 0.561626504861
1034214 0.591239398417
1004631 0.533158976724
1044604 0.464369109285
1003917 0.445108865885
1005546 0.411822720869
1005016 0.394534348567
1005542 0.386544245551
1053653 0.508176354752
1099699 0.50229466573
1097422 0.462694935077
1028174 0.523795883551
1053974 0.588731991596
1048943 0.505698105728
1029728 0.488296531527
1099693 0.33039718338
1018869 0.525560208816
1098236 0.496349553232
1013716 0.572077374407
1013714 0.498408593568
1018861 0.559303818225
1006860 0.521803236831
1097970 0.558057010438
1002990 0.482924964274
1097307 0.516918484882
1010722 0.487138931223
1001373 0.448211450626
1048392 0.499273476762
1002815 0.493925279216
1014120 0.546364139655
1008628 0.552160125303
1079523 0.468634653076
1003229 0.543296632029
1098481 0.555640272664
1008624 0.398202348623
1015439 0.477709009728
1026457 0.543265814987
1098047 0.393705170655
1099019 0.434589381394
1020983 0.528377242538
1035666 0.357137767235
1021869 0.503712279659
1025382 0.519987176145
1099503 0.367039030768
1098287 0.479286857192
1018344 0.528689701698
1020011 0.581782949866
1002790 0.51256718211
1097406 0.453696036171
1003704 0.577160905228
1026260 0.47352331653
1004459 0.50498513909
1019448 0.511541694664
1017927 0.482109178404
1017383 0.497627110024
1037066 0.502226013848
1017439 0.477382306274
1014692 0.544323066687
1029025 0.515734012313
1029023 0.490212435144
1014696 0.541395735759
1038931 0.500034638767
1042183 0.54484942244
1043814 0.457846099411
1008659 0.467351186943
1043818 0.504656973185
1010474 0.506628141733
1020844 0.512487194747
1097387 0.53647551944
1019802 0.530464713565
1006390 0.418175063229
1012920 0.488109339353
1099679 0.393003660632
1045438 0.436309365604
1097969 0.419143622957
1098193 0.543388004375
1098195 0.551386338497
1018881 0.463414997902
1003106 0.579153454174
1007326 0.509438976719
1027009 0.499013860273
1026039 0.420852733419
1098902 0.483797671427
1026798 0.467897304069
1022385 0.532585962337
1022226 0.518769439627
1014373 0.547161772646
1006130 0.489843274403
1039675 0.453990980034
1004866 0.429393834037
1022389 0.47353351088
1003522 0.467999703227
1053507 0.531914625729
1045175 0.479410015136
1025104 0.511304878231
1027322 0.516777792423
1015750 0.496853297524
1027241 0.559939801091
1005252 0.488149041485
1016793 0.491027025866
1012012 0.498872865762
1012395 0.53105825419
1031246 0.467572100247
1098995 0.480241840354
1007117 0.456921749575
1005481 0.437410767909
1000398 0.520841268803
1001632 0.503255613966
1026620 0.525891913644
1024538 0.465435211267
1099550 0.485864059335
1005331 0.566507152794
1043252 0.578951428119
1007607 0.486325604868
1003063 0.477909778906
1033785 0.494096384417
1008279 0.516099213726
1098304 0.444091089
1013589 0.461069681995
1098302 0.475459437209
1012786 0.402570741815
1013581 0.559470757355
1004994 0.589484066739
1007610 0.500183284221
1004121 0.491328122394
1098966 0.503805478942
1007340 0.498634788187
1035840 0.433837433687
1015875 0.359677578511
1011806 0.428246944383
1000084 0.352339105697
1003771 0.43822898167
1099189 0.46716805804
1014038 0.514008711014
1020051 0.413204066621
1011710 0.502716013805
1002280 0.472135242489
1011305 0.434722354363
1040071 0.492287673004
1015033 0.502260456236
1000286 0.515972728694
1018937 0.507606267585
1013354 0.487317883396
1013352 0.521823032663
1013350 0.471168385652
1003627 0.452235382517
1044585 0.565133996794
1002404 0.451754926036
1097585 0.519921797004
1030151 0.456612628075
1005238 0.537498827948
1004468 0.493851661451
1024992 0.502607438571
1031013 0.518254032865
1021580 0.450639834099
1007104 0.464029843608
1005807 0.440689100237
1023041 0.468720347253
1029612 0.560506210772
1026767 0.437795614919
1000370 0.433379239676
1044486 0.491216189726
1023164 0.51517473879
1015387 0.535737083415
1015385 0.631834096742
1019532 0.459472291755
1025939 0.401674291433
1062394 0.466966587038
1098588 0.548452278915
1007779 0.52026562235
1004411 0.451550212968
1019857 0.517649847213
1024882 0.506173786277
1004954 0.567935621157
1008505 0.47246722059
1003007 0.501209548188
1029443 0.448132731784
1043384 0.498919225021
1030933 0.515215299828
1025005 0.523685082458
1024844 0.547020000225
1004132 0.46352321698
1023304 0.442014755063
1015493 0.49430950039
1004095 0.496634806813
1012625 0.354701213995
1013691 0.522066538037
1026581 0.489887476832
1003485 0.506228745617
1037956 0.440330882451
1079828 0.448744101624
1018759 0.474017927898
1022288 0.485373036865
1011136 0.540118630125
1026109 0.576351071014
1098830 0.503916293619
1012629 0.487087154278
1025713 0.504216159911
1033116 0.503639842224
1005474 0.427623871539
1012623 0.496968972889
1026060 0.442916259624
1025719 0.499178740795
1098461 0.514085430475
1003454 0.520444099914
1017989 0.458900028523
1015725 0.572169670901
1033910 0.520776316226
1048259 0.478613189576
1017716 0.556157723853
1048701 0.507661594878
1052069 0.479645699873
1045614 0.448170533182
1017781 0.515629489324
1003902 0.449011315986
1017219 0.569490645002
1027746 0.467860609714
1018124 0.444841096503
1008916 0.543136621486
1015303 0.355977763065
1097550 0.506088633818
1010740 0.506740201822
1048952 0.539466546427
1024549 0.391387442934
1042453 0.408918693958
1013310 0.472223282476
1099448 0.463458624143
1017354 0.511051900561
1045340 0.49728123999
1010276 0.49555577972
1000202 0.492213528201
1033613 0.521090117826
1008543 0.389926739296
1032135 0.48468056418
1100124 0.347465203154
1099237 0.463475851066
1026194 0.484348777196
1019697 0.452628661268
1004671 0.54752692247
1000686 0.52845015874
1054173 0.539952235015
1054175 0.489598427358
1015424 0.509285076617
1006316 0.492574842334
1010065 0.491761354718
1019134 0.453860668277
1053349 0.449633677548
1017228 0.424340935919
1008048 0.530903451774
1005290 0.522550082028
1024246 0.509571270289
1051565 0.54332974079
1026684 0.589100155281
1098128 0.577175545953
1047584 0.495410988381
1012809 0.402443484417
1018599 0.475503776674
1018803 0.338765311927
1054005 0.488232803606
1007434 0.490963907851
1019576 0.516745859817
1005618 0.433015279677
1019303 0.471536253487
1036157 0.53999832386
1018252 0.468505082573
1007939 0.495566930822
1099534 0.496838805437
1027553 0.496713994454
1022297 0.530873505864
1058980 0.54263699608
1008640 0.535595472646
1034904 0.510394053811
1000026 0.540564595941
1043454 0.543242873959
1008037 0.469455852901
1005854 0.49305829591
1098797 0.488727250929
1049618 0.50370119513
1030311 0.488912573555
1029227 0.510352669672
1098182 0.340058073273
1097563 0.407386656738
1098973 0.524832576555
1017644 0.49784335407
1100050 0.285275797485
1010317 0.504902352668
1028255 0.487275433519
1021623 0.493884937497
1098386 0.473839576652
1043663 0.515396228604
1010841 0.402486133811
1051787 0.560133151002
1099015 0.573134158075
1009326 0.558737228373
1027250 0.535645399388
1023427 0.550642681096
1098988 0.447506948484
1017017 0.400779808965
1018623 0.492003418164
1028253 0.580122705696
1098209 0.458467887991
1001137 0.579526056054
1004453 0.562127068163
1017419 0.562650171188
1098805 0.433966028286
1098580 0.541596746113
1044066 0.55983207054
1031507 0.540935452882
1001649 0.496534115445
1031503 0.517324557018
1099378 0.515233991112
1027861 0.483665412746
1100834 0.309051716369
1013213 0.506292465821
1036449 0.507011802147
1010700 0.551865080713
1030458 0.716997475997
1098337 0.383048771266
1100575 0.330262930568
1052234 0.552017441831
1009496 0.480310702894
1013596 0.437198575532
1005409 0.477976677747
1015202 0.477718307724
1021265 0.540470323402
1013697 0.502765852977
1024095 0.489259873593
1023876 0.460157988798
1023878 0.463483333426
1022808 0.514974165656
1097215 0.555280210093
1097521 0.499472158206
1010191 0.453144144309
1002202 0.541715092933
1036762 0.6023523744
1002365 0.459657240258
1009478 0.525232742136
1053387 0.454387658367
1013736 0.464058633909
1030047 0.469083273902
1077556 0.530946899671
1011644 0.44669729623
1001779 0.402372222194
1098153 0.502703188818
1032638 0.456505113822
1006961 0.516756194755
1013280 0.535702344765
1030410 0.522771277982
1018539 0.556526159455
1002835 0.498961510271
1097930 0.540556958502
1033833 0.565122478904
1012401 0.463828270739
1097451 0.463784840437
1028459 0.457308607003
1025681 0.488012490738
1039725 0.539436024444
1019070 0.48064581242
1028852 0.577296833605
1008603 0.454032479815
1008702 0.454715984116
1020487 0.449213774669
1029275 0.47226138018
1033337 0.5092367697
1008412 0.462331798976
1036743 0.520173187661
1049642 0.407770148863
1021402 0.552346935944
1084504 0.490791127641
1011454 0.522985133608
1024272 0.532616038534
1018691 0.44044453606
1019263 0.568495785303
1003242 0.528208894178
1018699 0.386485359034
1026478 0.478606918955
1029675 0.518197399796
1001862 0.5032207804
1013135 0.478607310393
1013133 0.450038098461
1032444 0.480244900499
1028603 0.542646687197
1030217 0.560766658208
1018442 0.493185725599
1048825 0.522068757839
1014855 0.507927138908
1021840 0.45337245758
1018262 0.452948746371
1012424 0.486593653508
1017511 0.473560104059
1025477 0.54092748252
1013104 0.55428636564
1027350 0.499491424659
1020829 0.412073751283
1006067 0.565566498556
1042245 0.435645903656
1017881 0.539102191713
1033340 0.490108620849
1015485 0.447885288988
1017324 0.485414133993
1004364 0.520107366243
1045697 0.476804038906
1031562 0.469218964233
1012752 0.516816173608
1004247 0.596221015566
1020265 0.462801308595
1043716 0.485458005259
1098921 0.486014022119
1098923 0.45397599541
1011104 0.532687415739
1098758 0.453220575313
1098776 0.479462945413
1083194 0.479738893261
1032804 0.514015879999
1048362 0.543913648038
1089770 0.485682424671
1033041 0.510706706865
1036563 0.42212803075
1044065 0.473054827403
1022122 0.4767086421
1014358 0.390029271153
1025497 0.498990262216
1051852 0.496600909192
1007095 0.477318300346
1005442 0.486772549141
1006151 0.42731051361
1004568 0.481920943339
1017122 0.440582583854
1003972 0.540600511783
1029394 0.461148855428
1031304 0.494969035338
1053919 0.461372354022
1097179 0.483770388266
1097405 0.60284229143
1003574 0.516239065118
1028485 0.477130709012
1043417 0.528311223253
1004586 0.568094299043
1020524 0.47962464128
1031494 0.410354637876
1100969 0.325127302987
1012884 0.501004851872
1052200 0.481562925343
1015713 0.465405624962
1028555 0.523396996919
1097498 0.481414260557
1097368 0.427484444451
1009954 0.56505077959
1044498 0.48430349999
1097490 0.4947955988
1023631 0.537725922739
1015454 0.41358096945
1025475 0.487337233026
1027086 0.411103942001
1009729 0.499400442008
1000656 0.564286944983
1002582 0.485337345952
1098068 0.475231034428
1021527 0.493053968554
1010275 0.451149632203
1037490 0.419858352297
1002625 0.488271274726
1098109 0.563920330207
1098268 0.467179174646
1018130 0.465225643659
1020036 0.485731678373
1097564 0.482499709305
1097566 0.464361804737
1028153 0.552709505975
1020313 0.594499840345
1100796 0.368180844793
1029091 0.524193885282
1028746 0.484633091852
1028744 0.492278789837
1040355 0.473790042371
1099342 0.359552866608
1029127 0.499746511932
1018224 0.524789795477
1029042 0.454637943252
1003291 0.514535523232
1098895 0.436544855644
1043833 0.491365733918
1099094 0.512075106938
1017317 0.499165253118
1000012 0.556924721789
1021734 0.478251762026
1098161 0.561089673456
1098563 0.474360203283
1046764 0.420125123811
1008023 0.496189159204
1097348 0.427326346934
1098431 0.531371639916
1030167 0.494320929208
1029239 0.475050985556
1002955 0.492229916067
1029264 0.668599647165
1042272 0.498077597054
1004380 0.438866149053
1017074 0.518946264806
1018039 0.504311400533
1001925 0.507007225506
1043477 0.438983330609
1025972 0.480547809339
1024670 0.448668567297
1017959 0.390865336639
1014312 0.471437818505
1021815 0.473536499819
1017485 0.511341466369
1010309 0.517474719645
1092837 0.353566305317
1099009 0.544838376748
1018143 0.505827974148
1021206 0.461466545715
1017555 0.501264024096
1004335 0.445178833762
1001886 0.511191457556
1098815 0.526075221991
1001301 0.518305082632
1099438 0.504210119743
1016208 0.473252297619
1064645 0.547570327256
1004159 0.324618669117
1014343 0.411655227261
1002476 0.424845395141
1043019 0.329089696076
1007374 0.51113699697
1020601 0.472389149418
1007275 0.505054955635
1050745 0.566322500367
1045024 0.479058702888
1008454 0.572748647932
1098329 0.503379824068
1048335 0.53848261275
1021707 0.512950083022
1023965 0.439982345888
1012286 0.602589638617
1007518 0.446170304619
1003846 0.471236993372
1097661 0.437849809943
1030721 0.502611075662
1100237 0.416940482474
1018851 0.450905915352
1098224 0.511706746916
1015250 0.570138273485
1012859 0.481992121827
1001271 0.436550329215
1006971 0.509593006069
1082816 0.579281774777
1099317 0.468801682472
1018916 0.493491168079
1019038 0.400930247001
1009167 0.433650602205
1041884 0.453864699884
1006373 0.506306645838
1027938 0.504298405851
1006816 0.388092687097
1006865 0.404620679522
1017559 0.532600386727
1034882 0.468462598157
1016051 0.479969767436
1000193 0.44258001604
1013025 0.517898887031
1018350 0.475273551519
1023677 0.478042158407
1029761 0.438081096657
1047662 0.528147938175
1097034 0.448181680835
1017764 0.530063848802
1005792 0.495087592696
1044980 0.506270021887
1019456 0.521554784197
1028205 0.536699279343
1030233 0.408441204601
1047130 0.533048063858
1087642 0.473005283957
1023479 0.487298519093
1008649 0.566514753649
1018178 0.479922107981
1029019 0.495658941547
1013414 0.539584129789
1016776 0.519474962133
1029013 0.46465703905
1027435 0.484219974053
1004157 0.519895245462
1033290 0.563186499362
1003125 0.505204804245
1098767 0.493597849403
1021912 0.501142008201
1006016 0.574478372003
1041640 0.436722467848
1099049 0.470688780626
1010400 0.498581118362
1089503 0.535346596449
1020395 0.432089470548
1025501 0.499207482318
1022601 0.44134545132
1002960 0.505403546679
1093012 0.337441849327
1033326 0.502307767358
1062104 0.581772597967
1097991 0.454537624888
1000276 0.570759157759
1043110 0.398929696774
1023954 0.505203415051
1011117 0.519519177827
1026049 0.448897861866
1005655 0.537898473469
1098363 0.629636038336
1033577 0.469952195118
1099108 0.404116319507
1004878 0.517675369584
1014619 0.526549981103
1097351 0.452603115161
1026083 0.438335496387
1003794 0.57312951839
1042197 0.535201477946
1023356 0.54202046101
1029420 0.485976364043
1020326 0.577946410059
1028106 0.418087367068
1070831 0.457448222554
1024526 0.480046241395
1035926 0.512240553599
1012549 0.452313839889
1020739 0.450265954974
1007206 0.482483908579
1044366 0.555494206201
1001622 0.418805308221
1001624 0.485053219851
1036864 0.495960939623
1019775 0.415310727903
1023509 0.54492472915
1098310 0.446864546448
1009080 0.419084904751
1097843 0.563332407152
1016244 0.47457959907
1002434 0.480699061472
1027800 0.528343235215
1027152 0.525900027961
1097504 0.529501195522
1030756 0.462960740843
1004623 0.472096832003
1011069 0.428063891934
1097508 0.523846280967
1006612 0.490423875048
1005909 0.478372651172
1037847 0.564662368004
1001527 0.465659088614
1027798 0.559068899023
1009545 0.484527150751
1098279 0.458276391797
1001448 0.500905571592
1021578 0.511884984953
1007446 0.490094515992
1024467 0.471190030951
1098273 0.436427169203
1042432 0.243929131714
1005637 0.471036320767
1029248 0.512326564462
1009549 0.408984159575
1082975 0.45554111724
1097579 0.491952773196
1100657 0.3636863802
1009158 0.440055311226
1008667 0.48640435853
1027385 0.505396953863
1021958 0.488285140189
1023978 0.602005012212
1013492 0.584941766663
1009965 0.517443903076
1002766 0.475135812352
1025512 0.510699080921
1002045 0.432773867127
1010299 0.573981842529
1013111 0.486986222169
1012648 0.516678691522
1026184 0.571018705674
1013119 0.468530230972
1021466 0.477135378884
1003550 0.539553418377
1025213 0.54610698646
1002922 0.49872412797
1036736 0.535839976224
1017717 0.580668851224
1025776 0.459266428533
1026007 0.529140977987
1006748 0.471705947745
1003408 0.5316344216
1015786 0.488016543763
1000412 0.499372327728
1021824 0.488629107533
1058183 0.474397974773
1081608 0.495918764667
1098529 0.518975927794
1025268 0.477417550185
1030992 0.495858002208
1020742 0.471990967061
1014091 0.503940643434
1053533 0.451920050368
1098527 0.461003685078
1032224 0.532089902375
1017568 0.473067620084
1018349 0.488208112091
1098099 0.45277635963
1032499 0.38262711904
1099502 0.357165058513
1044049 0.4617397164
1013625 0.514326087879
1031520 0.503111265511
1097384 0.536116457712
1012998 0.569801737057
1098288 0.531134848409
1099157 0.485351151366
1022010 0.477902145386
1099256 0.561249830794
1028850 0.458650767941
1015715 0.503666188107
1032152 0.523563854267
1015805 0.466161981755
1098453 0.535029745405
1022890 0.411909876313
1033537 0.500090016646
1000861 0.475134303177
1044605 0.55074748882
1005545 0.480110028623
1005547 0.449909082106
1005017 0.457973863066
1030710 0.486827762111
1024672 0.572972567459
1097548 0.499483595249
1099513 0.421729211639
1099511 0.544145677153
1008193 0.427140736918
1009453 0.433019093929
1007538 0.478388797313
1000843 0.519986673622
1037698 0.494192283497
1035562 0.51395375675
1044425 0.447353110171
1009352 0.571060449898
1098222 0.483770601527
1012903 0.46704250029
1075452 0.505813162853
1030037 0.500068757505
1040742 0.559598682934
1030666 0.531143980441
1024496 0.543091265918
1029833 0.481470870065
1002649 0.407783537978
1098048 0.503452008623
1026328 0.566578260596
1047426 0.462905509621
1044999 0.538823155297
1026690 0.526065101225
1013786 0.545849992575
1013151 0.503978278028
1008711 0.444602076291
1016989 0.473574888487
1032668 0.49143412723
1018587 0.49644758945
1002797 0.546977325482
1019560 0.501779121479
1009400 0.472935472881
1002289 0.520562802549
1025039 0.490381363203
1012152 0.467120757246
1008492 0.489194128102
1024951 0.481123027083
1099070 0.438291337021
1008656 0.52491072656
1006005 0.439936384568
1038510 0.633687579954
1051689 0.531886559805
1034862 0.438295838221
1014426 0.474940901108
1051683 0.464385995539
1036763 0.550992406872
1013586 0.451417652212
1029626 0.506102101694
1099096 0.466723235689
1043051 0.530510433667
1016318 0.38823872844
1017658 0.476968658634
1013012 0.469452037552
1029327 0.459724774979
1007329 0.452166483382
1007286 0.463564944374
1037731 0.473053964609
1014374 0.473165569245
1007730 0.365978854409
1099111 0.462907827443
1046331 0.479691267938
1043516 0.401097579068
1002876 0.513195460602
1024922 0.585098491974
1028955 0.464142379555
1016419 0.476936338438
1012011 0.510960162835
1038536 0.496609891163
1004469 0.48484765245
1064441 0.523721008261
1000252 0.44525095994
1024533 0.513624771202
1027718 0.519406546096
1045525 0.516854592518
1097463 0.534649693662
1099557 0.365734552313
1001318 0.45878285429
1012376 0.433173374115
1019490 0.511045477174
1062238 0.488685090657
24538 0.583193133582
1001400 0.527837051858
1099366 0.554236361861
1012271 0.457021579296
1013649 0.519327273205
1004254 0.440611620201
1046360 0.563305078751
1022096 0.449287237969
1098750 0.480626677113
1023006 0.360185218816
1004995 0.450953650653
1098385 0.521404553563
1004124 0.410083580368
1020650 0.458176585519
1024038 0.51685691888
1026856 0.504384139945
1017685 0.545806681172
1056930 0.52055177247
1002425 0.467447311581
1028184 0.523499954975
1002355 0.507746755558
1015034 0.479379367279
1028678 0.513522236422
1002609 0.492458236831
1005938 0.54535041502
1024629 0.542335369587
1015278 0.454084781331
1020940 0.44742614663
1022980 0.524550543244
1015272 0.507863313684
1021992 0.508006792504
1010787 0.522802826845
1030691 0.518808962499
1053407 0.546087776398
1048902 0.486539827095
1010710 0.543620023522
1011139 0.459991637431
1047778 0.433552583543
1006854 0.463641069329
1019407 0.534083723092
1042672 0.522931497861
1006625 0.404847668808
1042771 0.471442646269
1019331 0.488573935217
1006296 0.462276937095
1008003 0.515130424148
1028096 0.491002538779
1099173 0.443307520285
1098831 0.417804252847
1027563 0.461360122189
1100578 0.364385991059
1026764 0.500495332697
1026762 0.414064995379
1017377 0.57450422656
1029668 0.556999637178
1018686 0.506602469414
1099386 0.478463384255
1018417 0.449657297704
1028612 0.513809430833
1091582 0.40163070939
1017274 0.595662365482
1099388 0.440024740627
1044487 0.515804277486
1012651 0.472596398709
1013438 0.539771896617
1017979 0.523247233194
1006179 0.453055007475
1017157 0.433886516578
1003554 0.466219563799
1006078 0.466676739108
1017874 0.490951217842
1006175 0.52214807519
1040692 0.490990708309
1027361 0.416805947581
1040751 0.438002063846
1019067 0.526411584139
1014381 0.510964519492
1029068 0.46645342629
1017474 0.472145126188
1043253 0.417084980534
1026063 0.495719897022
1019522 0.563261719458
1011131 0.49246116376
1029314 0.503668336255
1021194 0.45748398471
1013384 0.514652808351
1004078 0.557493820642
1009808 0.349975925517
1009190 0.497003568655
1098785 0.475604150544
1017997 0.449223162412
1017403 0.555774781191
1000454 0.532445149076
1001431 0.41779448844
1043426 0.485073737815
1098349 0.518655558375
1028964 0.439094667622
1006571 0.470653199318
1019995 0.268638877699
1014635 0.447690721519
1099537 0.461976130601
1027978 0.551367832039
1001073 0.475753775768
1016358 0.488111876762
1001077 0.497707289414
1064535 0.555695331987
1029369 0.548765998963
1010279 0.483695544328
1031913 0.513003905603
1016644 0.423637943185
1027743 0.471733747864
1027741 0.444052316042
1010747 0.582398623439
1098345 0.510506029927
1026209 0.460838365326
1098208 0.47692509041
1001606 0.522560782861
1021556 0.462474172002
1024544 0.499552190599
1006812 0.558175368367
1022971 0.440668892784
1014521 0.435134834124
1039715 0.399589347237
1006953 0.421786004192
1097900 0.410982802528
1022878 0.460591707861
1019690 0.431627113986
1097708 0.370895009711
1019753 0.401752414913
1100659 0.372573035672
1009730 0.514979222065
1025628 0.462860932002
1098640 0.549872715201
1098642 0.511804175643
1002351 0.476040311251
1098051 0.607526464958
1003956 0.486885550718
1019889 0.475416564743
1030385 0.416578096241
1035111 0.470828369607
1026490 0.419574321839
1007420 0.533359454986
1024618 0.574576353582
1012819 0.364601070123
1000335 0.498364929393
1078363 0.494081960568
1054004 0.562815828985
1019474 0.418011445896
1031368 0.51941708376
1012145 0.507971581275
1015689 0.378004370591
1040247 0.433446051711
1099067 0.38729343981
1003697 0.577184907209
1021286 0.46001469307
1098798 0.504651519919
1005990 0.557986309003
1004892 0.396716337662
1004218 0.561390043053
1040393 0.549138932893
1042768 0.501009750736
1043718 0.462203944199
1017306 0.547943705894
1001123 0.500780266683
1032011 0.503102065101
1002256 0.539709607024
1007723 0.515481847995
1042991 0.493961316519
1013915 0.479851515946
1036439 0.472491603176
1004524 0.487716003004
1002542 0.556474319823
1003349 0.515390984303
1023239 0.501599527509
1092992 0.501702953353
1004850 0.4638190373
1013638 0.322384474363
1013412 0.505255744883
1015560 0.50937846405
1021192 0.599654534676
1030879 0.491836210406
1097164 0.5207286899
1018620 0.472760656428
1098125 0.517434476877
1014174 0.449200002843
1026872 0.465196683613
1000247 0.583271050003
1016600 0.485590743046
1024052 0.525851737371
1033300 0.562276774738
1018138 0.415840006976
1045303 0.556913084779
1053438 0.51287331752
1026122 0.511786494573
1099375 0.417708183721
1098330 0.527788003904
1021718 0.485654143395
1008461 0.428548538372
1033427 0.49635175503
1052237 0.460466073323
1023244 0.472432591076
1048320 0.530001631444
1019658 0.554107473939
1097218 0.478487721216
1031573 0.559987449473
1020993 0.438356255098
1097450 0.552097286477
1000746 0.503043623186
1027178 0.590322685253
1054073 0.505452042927
1024759 0.467519435658
1098725 0.515102261419
1013735 0.534484190513
1043712 0.504112582905
1025831 0.505698807775
1027772 0.517617348873
1015911 0.483066077078
1029910 0.335655919973
1033722 0.473752622779
1033724 0.531922764908
1023790 0.501403490806
1018437 0.588938674206
1024117 0.438081388502
1019009 0.49312318284
1024111 0.458630196357
1009073 0.540517460559
1043286 0.445561010617
1028100 0.508349861765
1000559 0.570805892504
